
1584
4338
1759
1854
1093
5004
1133
2004

5262
3782
2259
5446
2978
6146
1939
1805
4517
2969
6390
2784
3689

10342
6089
7688
10383
4769
7696
7393
10301

6666
10943
1638
1975
5509
5767
5673

15320
23126

2813
7182
3956
7486
10251
4172
1862
4006

15496
4847
8430
1683
13281

4685
3580
1308
8183
6367
8410
3052
3020
1217

4252
5883
4079
3580
3064
1385
4488
1790
4826
3157
1747
1783
3312
4652

14551

3025
13696
3537
4087

6169
5270
5187
3572
3060
3599
4252
4886
5244
5231
1359
6340
2142
4429

5850
4447
7828
4518
6431
5995
1284
5499
1372
2666
7721

1191
20856

13838
2247
12654
11027
9684

4997
8716
6293
7317
1002
5121
6663
7838
1922
8001

5614
13883
2757
11574
3051
11435

45664

2476
7792
8480
7283
9042
7090
5830

2721
6238
8011
1974
3526
2811
6167
1778
3507
7992

3082
4367
4463
1753
3627
1468
2616
1456
1033
1110
2453
5058
1665
4399
5720

4019
6080
5496
3896
5752
2673
2460
2284
6342
1710
3860
1223
4688

1121
3153
2961
2103
3816
6492
5483
2086
6154
4440
3196
1630
3140

4140
6238
1092
1218
5688
6097
5695
3413
9453

29041

3320
10344
21501

8209
11402
11152
6367
5191
8598
8608

12087
24388
22987

1668
3447
7162
6136
5098
1868
2116
2716
1715
1089
5410
5259

5913
3696
2832
5618
3555
1311
3641
2488
4987
2104
2269
3040
1706
3762
2384

6731
2310
3908
6314
1004
4632
3402
2044
3407
2833
1007
4695

4894
9624